+20 809 664 1987
2022.07.
95 146 9283.27

+27 291 218 9184
2023.03.
190 125 6580.85

+86 941 973 2298
2022.11.
121 17 7446.13

+63 241 743 5048
2023.03.
88 52 2087.1

+7 119 407 6418
2022.12.
183 49 12542.11

+62 994 575 6405
2022.08.
7 78 7920.13

+58 422 890 9484
2022.09.
39 123 10446.7

+385 411 326 9911
2022.07.
4 141 1427.54

+86 297 221 7841
2022.10.
134 168 1889.98

+51 746 803 6499
2022.10.
189 93 5471.91

+86 297 221 7841
2022.08.
120 15 6607.28

+58 422 890 9484
2023.02.
126 131 224.02

+385 411 326 9911
2022.09.
144 47 7410.32

+46 507 249 9962
2022.10.
105 138 8803.66

+62 994 575 6405
2022.10.
163 20 10874.94

+86 461 840 1232
2023.03.
54 50 13504.44

+62 994 575 6405
2022.07.
19 66 6909.21

+27 291 218 9184
2023.03.
45 118 8077.25

+86 461 840 1232
2022.09.
57 111 6711.62

+27 291 218 9184
2022.07.
194 178 8490.08

+63 241 743 5048
2023.03.
100 22 1171.28

+63 156 159 7591
2023.01.
166 11 10390.78

+385 411 326 9911
2022.05.
33 152 676.41

+86 858 493 7571
2022.11.
41 121 2232.64

+62 994 575 6405
2022.06.
125 186 1727.17

+420 987 432 3897
2023.03.
126 39 13320.78

+63 156 159 7591
2022.08.
199 185 6826.1

+48 506 300 9304
2022.11.
195 123 9642.17

+86 461 840 1232
2022.06.
113 180 14552.08

+86 297 221 7841
2022.08.
110 185 13508.31

+51 746 803 6499
2022.12.
121 151 13837.57

+242 528 734 1433
2023.03.
197 28 5670.55

+420 987 432 3897
2022.06.
56 100 1930.68

+48 506 300 9304
2022.10.
122 126 13762.53

+86 297 221 7841
2022.10.
20 185 7690.97

+62 994 575 6405
2022.09.
45 58 8088.24

+385 411 326 9911
2023.03.
97 43 14269.7

+385 411 326 9911
2023.04.
146 14 14594.15

+27 291 218 9184
2023.03.
101 34 14831.47

+7 119 407 6418
2022.11.
100 110 8717.17

+63 241 743 5048
2022.10.
64 183 10543.82

+7 789 269 2967
2022.08.
153 31 9206.48

+7 789 269 2967
2022.06.
9 106 9193.51

+51 746 803 6499
2023.02.
185 104 14608.78

+63 241 743 5048
2022.10.
35 155 10606.93

+51 746 803 6499
2022.10.
180 159 9658.83

+63 156 159 7591
2022.12.
182 159 6485.62

+58 422 890 9484
2022.07.
64 21 2594.28

+7 789 269 2967
2022.09.
172 140 1801.22

+86 461 840 1232
2022.11.
2 31 1951.87

+48 506 300 9304
2023.01.
170 92 1379.0

+86 723 902 7127
2022.11.
1 102 8904.95

+7 789 269 2967
2023.05.
178 52 10264.41

+86 858 493 7571
2022.07.
129 57 529.95

+381 469 344 9005
2022.09.
181 73 14487.22

+63 241 743 5048
2022.10.
76 58 729.58

+86 858 493 7571
2022.09.
117 34 3211.89

+7 789 269 2967
2022.07.
197 107 6778.76

+63 156 159 7591
2022.07.
153 47 4209.74

+86 461 840 1232
2023.03.
22 126 8790.44
